190504
190512
190552
190567
190601
190836
190850
190851
190922
190961
190971
191036
191101
191114
191116
191179
191266
191279
191281
191300
191318
191322
191370
191378
191380
191388
191455
191515
191571
191599
191637
191682
191731
191763
191799
191823
191845
191862
191897
191908
192012
192040
192090
192101
192111
192124
192135
192267
192286
192302
192325
192336
192382
192400
192406
192416
192474
192485
192519
192546
192582
192660
192699
192705
192734
192740
192908
192912
192939
192999
193051
193055
193059
193093
193128
193173
193243
193307
193310
193348
193373
193376
193428
193482
193507
193561
193644
193653
193666
193692
193703
193711
193725
193762
193767
193791
193795
193861
193862
193868
193870
193874
193917
193920
194049
194094
194178
194189
194198
194219
194290
194293
194295
194311
194359
194393
194441
194489
194528
194588
194617
194634
194664
194717
194743
194758
194836
194862
194877
194906
194966
194985
194987
195123
195133
195178
195272
195300
195338
195371
195375
195379
195476
195586
195629
195669
195716
195746
195913
195989
196011
196067
196077
196088
196099
196237
196265
196291
196343
196344
196345
196403
196434
196437
196445
196484
196510
196570
196575
196591
196603
196632
196689
196711
196737
196803
196835
196877
196894
197026
197054
197083
197110
197114
197130
197141
197262
197279
197307
197447
197554
197559
197569
197618
197624
197643
197686
197744
197842
197883
197899
197905
197942
197969
197998
198001
198029
198036
198082
198146
198244
198250
198275
198303
198323
198329
198360
198455
198464
198517
198538
198662
198668
198681
198704
198722
198764
198805
198838
198887
198971
199011
199100
199104
199111
199134
199141
199149
199196
199214
199222
199245
199248
199293
199338
199441
199482
199534
199558
199582
199590
199653
199693
199701
199724
199813
199848
199901
199965
200004
200010
200019
200086
200099
200141
200281
200356
200424
200570
200619
200621
200717
200745
200789
200897
200944
201112
201144
201376
201386
201388
201424
201460
201464
201529
201548
201615
201631
201695
201738
201767
201835
201913
201921
201944
201969
201983
202111
202137
202164
202166
202169
202170
202271
202285
202347
202398
202418
202428
202521
202549
202563
202567
202595
202610
202695
202696
202718
202784
202829
202872
202896
202959
202987
202997
203047
203049
203195
203197
203204
203240
203265
203321
203333
203362
203475
203526
203529
203537
203625
203686
203763
203788
203818
203844
203848
203871
203948
204006
204029
204105
204141
204245
204260
204340
204350
204356
204361
204446
204453
204623
204645
204672
204674
204675
204732
204764
204776
204853
204879
204927
204936
205024
205036
205071
205117
205202
205260
205283
205306
205315
205320
205324
205344
205378
205412
205564
205747
205760
205785
205795
205812
205993
206009
206064
206068
206072
206075
206103
206117
206132
206144
206180
206221
206245
206250
206292
206301
206327
206336
206339
206398
206405
206423
206434
206464
206480
206559
206567
206706
206805
206828
206852
206854
206976
207003
207015
207044
207046
207071
207096
207208
207342
207345
207434
207458
207513
207596
207709
207767
207824
207846
207918
207922
207935
207948
207949
207956
208220
208272
208273
208306
208345
208444
208466
208513
208550
208632
208656
208661
208728
208747
208777
208848
208901
208939
209030
209065
209094
209138
209334
209353
209456
209465
209469
209559
209629
209773
209783
209806
209859
209908
209937
210007
210020
210049
210144
210149
210159
210190
210191
210227
210244
210252
210278
210338
210372
210393
210400
210498
210501
210652
210706
210727
210736
210862
210863
210876
211024
211061
211101
211113
211198
211239
211344
211391
211408
211412
211440
211641
211643
211652
211661
211664
211734
211850
211855
211876
211909
211927
211959
212021
212147
212191
212234
212236
212253
212268
212294
212315
212395
212465
212542
212565
212593
212617
212646
212728
212802
212948
212965
213027
213113
213176
213222
213238
213306
213401
213414
213445
213660
213715
213736
213785
213816
213820
213911
213952
214184
214186
214212
214219
214245
214253
214288
214365
214386
214415
214431
214456
214469
214504
214576
214649
214654
214696
214732
214774
214795
214835
214854
214866
214960
215008
215012
215057
215100
215142
215180
215187
215229
215233
215251
215253
215296
215366
215407
215524
215536
215558
215578
215751
215909
215945
215949
215973
216059
216086
216098
216223
216240
216254
216289
216336
216389
216408
216429
216446
216525
216555
216579
216626
216636
216736
216761
216831
216847
216913
216934
217039
217152
217211
217222
217226
217237
217253
217293
217305
217322
217386
217463
217551
217657
217767
217801
217825
217832
217943
218033
218099
218187
218263
218272
218310
218321
218365
218453
218454
218478
218491
218508
218542
218716
218728
218749
218766
218781
218792
218871
218891
218902
218932
218941
218949
218964
218986
219008
219043
219056
219068
219143
219194
219206
219259
219328
219336
219342
219393
219414
219427
219496
219516
219631
219745
219850
219879
219906
219960
220013
220067
220088
220131
220202
220245
220318
220331
220470
220528
220614
220673
220675
220698
220700
220722
220765
220801
220821
220865
220877
220898
220933
220984
220986
221023
221027
221100
221136
221230
221264
221270
221274
221278
221295
221313
221374
221385
221450
221455
221488
221529
221537
221596
221610
221676
221690
221704
221722
221761
221814
221918
222045
222057
222141
222215
222267
222308
222311
222358
222417
222445
222471
222479
222511
222558
222609
222640
222714
222757
222779
222805
222813
222846
222921
222923
222979
222987
223232
223233
223238
223302
223385
223483
223574
223621
223719
223730
223778
223987
224065
224098
224161
224263
224303
224391
224446
224468
224489
224552
224574
224641
224695
224716
224867
224882
224884
225049
225053
225062
225139
225152
225188
225194
225209
225235
225237
225283
225364
225427
225481
225534
225581
225589
225651
225661
225686
225826
225857
225965
225986
226010
226032
226078
226107
226196
226300
226329
226340
226347
226359
226451
226466
226507
226546
226602
226707
226729
226755
226800
226815
226827
226912
226937
226957
227019
227023
227043
227061
227101
227116
227134
227242
227287
227325
227395
227449
227461
227507
227523
227524
227525
227559
227563
227630
227637
227766
227797
227871
227880
227908
227935
227936
227940
228028
228074
228079
228106
228137
228163
228217
228282
228285
228306
228315
228331
228333
228381
228390
228397
228437
228451
228477
228491
228495
228570
228571
228587
228628
228857
228867
228902
228919
229018
229022
229047
229074
229150
229151
229158
229166
229267
229287
229295
229336
229371
229376
229414
229426
229455
229478
229503
229506
229551
229574
229622
229705
229769
229802
229817
229820
229821
229848
229935
229948
230071
230087
230138
230264
230298
230348
230417
230458
230531
230642
230645
230659
230711
230754
230798
230822
231005
231020
231052
231056
231139
231157
231286
231333
231356
231380
231420
231454
231521
231526
231569
231576
231586
231630
231632
231655
231679
231712
231731
231870
231878
231914
231936
231958
231989
231991
232008
232028
232090
232096
232211
232289
232335
232361
232376
232401
232460
232476
232487
232493
232549
232598
232688
232734
232759
232802
232912
232942
232947
233018
233036
233126
233216
233294
233297
233300
233317
233352
233404
233434
233503
233512
233515
233532
233585
233589
233649
233655
233690
233692
233753
233774
233821
233871
233898
233917
233925
233956
233968
233982
234027
234042
234215
234310
234337
234345
234437
234456
234634
234639
234647
234653
234735
234786
234811
234836
234850
234874
234918
234932
234959
235038
235094
235109
235162
235174
235192
235271
235309
235317
235363
235366
235384
235410
235441
235448
235528
235565
235607
235635
235653
235666
235686
235713
235773
235877
235892
235903
235932
236041
236093
236104
236145
236177
236205
236228
236241
236306
236317
236318
236326
236328
236359
236456
236467
236495
236564
236578
236583
236624
236663
236700
236703
236726
236741
236781
236862
236903
236933
236952
237009
237088
237174
237176
237212
237263
237271
237433
237533
237616
237621
237687
237742
237787
237852
237942
237974
237991
238017
238019
238072
238097
238194
238199
238233
238258
238298
238315
238454
238462
238515
238532
238533
238551
238575
238577
238738
238769
238799
238805
238809
238913
238948
238964
238977
239092
239128
239146
239219
239225
239256
239277
239331
239362
239365
239385
239413
239505
239516
239521
239553
239554
239571
239588
239616
239625
239644
239670
239672
239684
239704
239717
239763
239786
239798
239832
239851
239982
239988
239991
240001
240002
240054
240081
240173
240190
240192
240209
240279
240331
240425
240483
240494
240619
240690
240788
240839
240856
240911
240920
240967
240995
241039
241059
241068
241074
241081
241154
241247
241255
241304
241366
241368
241419
241441
241465
241466
241655
241699
241718
241734
241739
241758
241827
241830
241889
241933
241972
241974
241987
241996
242073
242123
242124
242172
242199
242209
242259
242348
242405
242459
242483
242505
242596
242598
242603
242648
242672
242685
242736
242770
242799
242802
242854
242862
242864
242872
242942
243000
243032
243060
243093
243099
243178
243228
243274
243287
243307
243343
243368
243490
243513
243526
243530
243564
243587
243625
243684
243718
243730
243744
243763
243778
243811
243856
243859
243881
243893
243896
243978
243997
244101
244184
244197
244202
244227
244236
244257
244266
244297
244342
244431
244438
244453
244652
244699
244703
244751
244795
244857
244905
244942
245047
245057
245153
245195
245226
245331
245349
245352
245373
245437
245449
245535
245579
245615
245646
245660
245758
245769
245772
245813
245855
245882
245883
245888
245900
246004
246030
246090
246109
246150
246156
246160
246167
246176
246182
246227
246246
246377
246387
246418
246426
246437
246440
246506
246508
246547
246577
246600
246658
246668
246699
246712
246780
246822
246859
246870
246951
246981
246996
247018
247048
247089
247126
247175
247188
247196
247204
247232
247243
247305
247309
247432
247554
247652
247697
247699
247718
247746
247788
247802
247832
247852
247896
247984
248027
248084
248098
248099
248146
248156
248157
248190
248275
248369
248527
248666
248678
248681
248734
248753
248804
248837
248875
248939
248989
248996
249089
249105
249139
249163
249175
249180
249243
249304
249346
249360
249364
249454
249493
249553
249582
249616
249697
249709
249719
249746
249833
249851
249933
249968
249986
249996
250001
250013
250063
250088
250100
250126
250128
250157
250197
250271
250279
250322
250330
250368
250419
250421
250450
250511
250548
250559
250692
250717
250741
250783
250862
250907
250923
250925
250963
250996
251086
251104
251134
251158
251363
251377
251428
251429
251532
251559
251580
251641
251664
251674
251697
251719
251737
251757
251826
251847
251848
251855
251906
251911
251951
251957
251967
252004
252039
252059
252155
252157
252165
252166
252369
252420
252481
252487
252488
252582
252626
252731
252754
252769
252781
252832
252889
252903
252931
252975
252978
253041
253090
253091
253151
253187
253307
253316
253367
253369
253428
253518
253534
253535
253536
253569
253687
253776
253777
253782
253939
253969
253985
